GRASS_FLAG

SKYBOX
resources/boston1.png
0.999 0.999
resources/boston2r.png
0.999 0.999
resources/boston3.png
0.999 0.999
resources/boston4.png
0.999 0.999
resources/boston5.png
0.999 0.999
resources/boston6.png
0.999 0.999
||

SURFACES
parallelogram
-15	0	-10
30	0	0
0	0	-15
 0 0
 0 4
 4 4
 4 0
parallelogram
-15	0	25
30	0	0
0	0	-15
 0 0
 0 4
 4 4
 4 0
parallelogram
15	0	-10
0.4	1.38564	0
0	0	-15
 0 0
 0 4
 4 4
 4 0
parallelogram
15	0	25
0.4	1.38564	0
0	0	-15
 0 0
 0 4
 4 4
 4 0
parallelogram
15.4	1.38564	-10
0.433513	1.34472	0
0	0	-15
 0 0
 0 4
 4 4
 4 0
parallelogram
15.4	1.38564	25
0.433513	1.34472	0
0	0	-15
 0 0
 0 4
 4 4
 4 0
parallelogram
15.8335	2.73036	-10
0.465982	1.30055	0
0	0	-15
 0 0
 0 4
 4 4
 4 0
parallelogram
15.8335	2.73036	25
0.465982	1.30055	0
0	0	-15
 0 0
 0 4
 4 4
 4 0
parallelogram
16.2995	4.03091	-10
0.497328	1.25326	0
0	0	-15
 0 0
 0 4
 4 4
 4 0
parallelogram
16.2995	4.03091	25
0.497328	1.25326	0
0	0	-15
 0 0
 0 4
 4 4
 4 0
parallelogram
16.7968	5.28417	-10
0.527477	1.20294	0
0	0	-15
 0 0
 0 4
 4 4
 4 0
parallelogram
16.7968	5.28417	25
0.527477	1.20294	0
0	0	-15
 0 0
 0 4
 4 4
 4 0
parallelogram
17.3243	6.48712	-10
0.556354	1.14973	0
0	0	-15
 0 0
 0 4
 4 4
 4 0
parallelogram
17.3243	6.48712	25
0.556354	1.14973	0
0	0	-15
 0 0
 0 4
 4 4
 4 0
parallelogram
17.8807	7.63685	-10
0.583891	1.09375	0
0	0	-15
 0 0
 0 4
 4 4
 4 0
parallelogram
17.8807	7.63685	25
0.583891	1.09375	0
0	0	-15
 0 0
 0 4
 4 4
 4 0
parallelogram
18.4645	8.73059	-10
0.610022	1.03513	0
0	0	-15
 0 0
 0 4
 4 4
 4 0
parallelogram
18.4645	8.73059	25
0.610022	1.03513	0
0	0	-15
 0 0
 0 4
 4 4
 4 0
parallelogram
19.0746	9.76572	-10
0.634683	0.974018	0
0	0	-15
 0 0
 0 4
 4 4
 4 0
parallelogram
19.0746	9.76572	25
0.634683	0.974018	0
0	0	-15
 0 0
 0 4
 4 4
 4 0
parallelogram
19.7093	10.7397	-10
0.657815	0.91056	0
0	0	-15
 0 0
 0 4
 4 4
 4 0
parallelogram
19.7093	10.7397	25
0.657815	0.91056	0
0	0	-15
 0 0
 0 4
 4 4
 4 0
parallelogram
20.3671	11.6503	-10
0.679362	0.844908	0
0	0	-15
 0 0
 0 4
 4 4
 4 0
parallelogram
20.3671	11.6503	25
0.679362	0.844908	0
0	0	-15
 0 0
 0 4
 4 4
 4 0
parallelogram
21.0464	12.4952	-10
0.699272	0.777221	0
0	0	-15
 0 0
 0 4
 4 4
 4 0
parallelogram
21.0464	12.4952	25
0.699272	0.777221	0
0	0	-15
 0 0
 0 4
 4 4
 4 0
parallelogram
21.7457	13.2724	-10
0.717498	0.707662	0
0	0	-15
 0 0
 0 4
 4 4
 4 0
parallelogram
21.7457	13.2724	25
0.717498	0.707662	0
0	0	-15
 0 0
 0 4
 4 4
 4 0
parallelogram
22.4632	13.9801	-10
0.733996	0.636397	0
0	0	-15
 0 0
 0 4
 4 4
 4 0
parallelogram
22.4632	13.9801	25
0.733996	0.636397	0
0	0	-15
 0 0
 0 4
 4 4
 4 0
parallelogram
23.1972	14.6165	-10
0.748725	0.5636	0
0	0	-15
 0 0
 0 4
 4 4
 4 0
parallelogram
23.1972	14.6165	25
0.748725	0.5636	0
0	0	-15
 0 0
 0 4
 4 4
 4 0
parallelogram
23.9459	15.1801	-10
0.76165	0.489445	0
0	0	-15
 0 0
 0 4
 4 4
 4 0
parallelogram
23.9459	15.1801	25
0.76165	0.489445	0
0	0	-15
 0 0
 0 4
 4 4
 4 0
parallelogram
24.7076	15.6695	-10
0.772741	0.41411	0
0	0	-15
 0 0
 0 4
 4 4
 4 0
parallelogram
24.7076	15.6695	25
0.772741	0.41411	0
0	0	-15
 0 0
 0 4
 4 4
 4 0
parallelogram
25.4803	16.0836	-10
0.78197	0.337778	0
0	0	-15
 0 0
 0 4
 4 4
 4 0
parallelogram
25.4803	16.0836	25
0.78197	0.337778	0
0	0	-15
 0 0
 0 4
 4 4
 4 0
parallelogram
26.2623	16.4214	-10
0.789315	0.260633	0
0	0	-15
 0 0
 0 4
 4 4
 4 0
parallelogram
26.2623	16.4214	25
0.789315	0.260633	0
0	0	-15
 0 0
 0 4
 4 4
 4 0
parallelogram
27.0516	16.6821	-10
0.794758	0.182859	0
0	0	-15
 0 0
 0 4
 4 4
 4 0
parallelogram
27.0516	16.6821	25
0.794758	0.182859	0
0	0	-15
 0 0
 0 4
 4 4
 4 0
parallelogram
27.8464	16.8649	-10
0.798287	0.104645	0
0	0	-15
 0 0
 0 4
 4 4
 4 0
parallelogram
27.8464	16.8649	25
0.798287	0.104645	0
0	0	-15
 0 0
 0 4
 4 4
 4 0
parallelogram
28.6446	16.9696	-10
0.799893	0.0261785	0
0	0	-15
 0 0
 0 4
 4 4
 4 0
parallelogram
28.6446	16.9696	25
0.799893	0.0261785	0
0	0	-15
 0 0
 0 4
 4 4
 4 0
parallelogram
29.4445	16.9957	-10
0.799572	-0.0523508	0
0	0	-15
 0 0
 0 4
 4 4
 4 0
parallelogram
29.4445	16.9957	25
0.799572	-0.0523508	0
0	0	-15
 0 0
 0 4
 4 4
 4 0
parallelogram
30.2441	16.9434	-10
0.797324	-0.130754	0
0	0	-15
 0 0
 0 4
 4 4
 4 0
parallelogram
30.2441	16.9434	25
0.797324	-0.130754	0
0	0	-15
 0 0
 0 4
 4 4
 4 0
parallelogram
31.0414	16.8126	-10
0.793156	-0.208842	0
0	0	-15
 0 0
 0 4
 4 4
 4 0
parallelogram
31.0414	16.8126	25
0.793156	-0.208842	0
0	0	-15
 0 0
 0 4
 4 4
 4 0
parallelogram
31.8346	16.6038	-10
0.787077	-0.286427	0
0	0	-15
 0 0
 0 4
 4 4
 4 0
parallelogram
31.8346	16.6038	25
0.787077	-0.286427	0
0	0	-15
 0 0
 0 4
 4 4
 4 0
parallelogram
32.6217	16.3174	-10
0.779102	-0.363322	0
0	0	-15
 0 0
 0 4
 4 4
 4 0
parallelogram
32.6217	16.3174	25
0.779102	-0.363322	0
0	0	-15
 0 0
 0 4
 4 4
 4 0
parallelogram
33.4008	15.954	-10
0.769249	-0.439342	0
0	0	-15
 0 0
 0 4
 4 4
 4 0
parallelogram
33.4008	15.954	25
0.769249	-0.439342	0
0	0	-15
 0 0
 0 4
 4 4
 4 0
parallelogram
34.17	15.5147	-10
0.757544	-0.514303	0
0	0	-15
 0 0
 0 4
 4 4
 4 0
parallelogram
34.17	15.5147	25
0.757544	-0.514303	0
0	0	-15
 0 0
 0 4
 4 4
 4 0
parallelogram
34.9276	15.0004	-10
0.744014	-0.588026	0
0	0	-15
 0 0
 0 4
 4 4
 4 0
parallelogram
34.9276	15.0004	25
0.744014	-0.588026	0
0	0	-15
 0 0
 0 4
 4 4
 4 0
parallelogram
35.6716	14.4124	-10
0.728691	-0.660331	0
0	0	-15
 0 0
 0 4
 4 4
 4 0
parallelogram
35.6716	14.4124	25
0.728691	-0.660331	0
0	0	-15
 0 0
 0 4
 4 4
 4 0
parallelogram
36.4003	13.752	-10
0.711613	-0.731046	0
0	0	-15
 0 0
 0 4
 4 4
 4 0
parallelogram
36.4003	13.752	25
0.711613	-0.731046	0
0	0	-15
 0 0
 0 4
 4 4
 4 0
parallelogram
37.1119	13.021	-10
0.69282	-0.8	0
0	0	-15
 0 0
 0 4
 4 4
 4 0
parallelogram
37.1119	13.021	25
0.69282	-0.8	0
0	0	-15
 0 0
 0 4
 4 4
 4 0
parallelogram
37.8047	12.221	-10
0.672359	-0.867027	0
0	0	-15
 0 0
 0 4
 4 4
 4 0
parallelogram
37.8047	12.221	25
0.672359	-0.867027	0
0	0	-15
 0 0
 0 4
 4 4
 4 0
parallelogram
38.4771	11.354	-10
0.650277	-0.931965	0
0	0	-15
 0 0
 0 4
 4 4
 4 0
parallelogram
38.4771	11.354	25
0.650277	-0.931965	0
0	0	-15
 0 0
 0 4
 4 4
 4 0
parallelogram
39.1273	10.422	-10
0.626629	-0.994657	0
0	0	-15
 0 0
 0 4
 4 4
 4 0
parallelogram
39.1273	10.422	25
0.626629	-0.994657	0
0	0	-15
 0 0
 0 4
 4 4
 4 0
parallelogram
39.754	9.42734	-10
0.601472	-1.05495	0
0	0	-15
 0 0
 0 4
 4 4
 4 0
parallelogram
39.754	9.42734	25
0.601472	-1.05495	0
0	0	-15
 0 0
 0 4
 4 4
 4 0
parallelogram
40.3554	8.37239	-10
0.574865	-1.11271	0
0	0	-15
 0 0
 0 4
 4 4
 4 0
parallelogram
40.3554	8.37239	25
0.574865	-1.11271	0
0	0	-15
 0 0
 0 4
 4 4
 4 0
parallelogram
40.9303	7.25968	-10
0.546874	-1.16778	0
0	0	-15
 0 0
 0 4
 4 4
 4 0
parallelogram
40.9303	7.25968	25
0.546874	-1.16778	0
0	0	-15
 0 0
 0 4
 4 4
 4 0
parallelogram
41.4772	6.0919	-10
0.517565	-1.22004	0
0	0	-15
 0 0
 0 4
 4 4
 4 0
parallelogram
41.4772	6.0919	25
0.517565	-1.22004	0
0	0	-15
 0 0
 0 4
 4 4
 4 0
parallelogram
41.9947	4.87185	-10
0.487009	-1.26937	0
0	0	-15
 0 0
 0 4
 4 4
 4 0
parallelogram
41.9947	4.87185	25
0.487009	-1.26937	0
0	0	-15
 0 0
 0 4
 4 4
 4 0
parallelogram
42.4817	3.60249	-10
0.45528	-1.31563	0
0	0	-15
 0 0
 0 4
 4 4
 4 0
parallelogram
42.4817	3.60249	25
0.45528	-1.31563	0
0	0	-15
 0 0
 0 4
 4 4
 4 0
parallelogram
42.937	2.28686	-10
0.422454	-1.35872	0
0	0	-15
 0 0
 0 4
 4 4
 4 0
parallelogram
42.937	2.28686	25
0.422454	-1.35872	0
0	0	-15
 0 0
 0 4
 4 4
 4 0
parallelogram
43.3595	0.928136	-10
10	0	0
0	0	-15
 0 0
 0 4
 4 4
 4 0
parallelogram
43.3595	0.928136	25
10	0	0
0	0	-15
 0 0
 0 4
 4 4
 4 0
parallelogram
53.3595	0.928136	25
10	0	0
0	0	-50
 0 0
 0 4
 4 4
 4 0
parallelogram
-15	0	-10
0	0	-15
-0.4	1.38564	0
 0 0
 0 4
 4 4
 4 0
parallelogram
-15	0	25
0	0	-15
-0.4	1.38564	0
 0 0
 0 4
 4 4
 4 0
parallelogram
-15.4	1.38564	-10
0	0	-15
-0.433513	1.34472	0
 0 0
 0 4
 4 4
 4 0
parallelogram
-15.4	1.38564	25
0	0	-15
-0.433513	1.34472	0
 0 0
 0 4
 4 4
 4 0
parallelogram
-15.8335	2.73036	-10
0	0	-15
-0.465982	1.30055	0
 0 0
 0 4
 4 4
 4 0
parallelogram
-15.8335	2.73036	25
0	0	-15
-0.465982	1.30055	0
 0 0
 0 4
 4 4
 4 0
parallelogram
-16.2995	4.03091	-10
0	0	-15
-0.497328	1.25326	0
 0 0
 0 4
 4 4
 4 0
parallelogram
-16.2995	4.03091	25
0	0	-15
-0.497328	1.25326	0
 0 0
 0 4
 4 4
 4 0
parallelogram
-16.7968	5.28417	-10
0	0	-15
-0.527477	1.20294	0
 0 0
 0 4
 4 4
 4 0
parallelogram
-16.7968	5.28417	25
0	0	-15
-0.527477	1.20294	0
 0 0
 0 4
 4 4
 4 0
parallelogram
-17.3243	6.48712	-10
0	0	-15
-0.556354	1.14973	0
 0 0
 0 4
 4 4
 4 0
parallelogram
-17.3243	6.48712	25
0	0	-15
-0.556354	1.14973	0
 0 0
 0 4
 4 4
 4 0
parallelogram
-17.8807	7.63685	-10
0	0	-15
-0.583891	1.09375	0
 0 0
 0 4
 4 4
 4 0
parallelogram
-17.8807	7.63685	25
0	0	-15
-0.583891	1.09375	0
 0 0
 0 4
 4 4
 4 0
parallelogram
-18.4645	8.73059	-10
0	0	-15
-0.610022	1.03513	0
 0 0
 0 4
 4 4
 4 0
parallelogram
-18.4645	8.73059	25
0	0	-15
-0.610022	1.03513	0
 0 0
 0 4
 4 4
 4 0
parallelogram
-19.0746	9.76572	-10
0	0	-15
-0.634683	0.974018	0
 0 0
 0 4
 4 4
 4 0
parallelogram
-19.0746	9.76572	25
0	0	-15
-0.634683	0.974018	0
 0 0
 0 4
 4 4
 4 0
parallelogram
-19.7093	10.7397	-10
0	0	-15
-0.657815	0.91056	0
 0 0
 0 4
 4 4
 4 0
parallelogram
-19.7093	10.7397	25
0	0	-15
-0.657815	0.91056	0
 0 0
 0 4
 4 4
 4 0
parallelogram
-20.3671	11.6503	-10
0	0	-15
-0.679362	0.844908	0
 0 0
 0 4
 4 4
 4 0
parallelogram
-20.3671	11.6503	25
0	0	-15
-0.679362	0.844908	0
 0 0
 0 4
 4 4
 4 0
parallelogram
-21.0464	12.4952	-10
0	0	-15
-0.699272	0.777221	0
 0 0
 0 4
 4 4
 4 0
parallelogram
-21.0464	12.4952	25
0	0	-15
-0.699272	0.777221	0
 0 0
 0 4
 4 4
 4 0
parallelogram
-21.7457	13.2724	-10
0	0	-15
-0.717498	0.707662	0
 0 0
 0 4
 4 4
 4 0
parallelogram
-21.7457	13.2724	25
0	0	-15
-0.717498	0.707662	0
 0 0
 0 4
 4 4
 4 0
parallelogram
-22.4632	13.9801	-10
0	0	-15
-0.733996	0.636397	0
 0 0
 0 4
 4 4
 4 0
parallelogram
-22.4632	13.9801	25
0	0	-15
-0.733996	0.636397	0
 0 0
 0 4
 4 4
 4 0
parallelogram
-23.1972	14.6165	-10
0	0	-15
-0.748725	0.5636	0
 0 0
 0 4
 4 4
 4 0
parallelogram
-23.1972	14.6165	25
0	0	-15
-0.748725	0.5636	0
 0 0
 0 4
 4 4
 4 0
parallelogram
-23.9459	15.1801	-10
0	0	-15
-0.76165	0.489445	0
 0 0
 0 4
 4 4
 4 0
parallelogram
-23.9459	15.1801	25
0	0	-15
-0.76165	0.489445	0
 0 0
 0 4
 4 4
 4 0
parallelogram
-24.7076	15.6695	-10
0	0	-15
-0.772741	0.41411	0
 0 0
 0 4
 4 4
 4 0
parallelogram
-24.7076	15.6695	25
0	0	-15
-0.772741	0.41411	0
 0 0
 0 4
 4 4
 4 0
parallelogram
-25.4803	16.0836	-10
0	0	-15
-0.78197	0.337778	0
 0 0
 0 4
 4 4
 4 0
parallelogram
-25.4803	16.0836	25
0	0	-15
-0.78197	0.337778	0
 0 0
 0 4
 4 4
 4 0
parallelogram
-26.2623	16.4214	-10
0	0	-15
-0.789315	0.260633	0
 0 0
 0 4
 4 4
 4 0
parallelogram
-26.2623	16.4214	25
0	0	-15
-0.789315	0.260633	0
 0 0
 0 4
 4 4
 4 0
parallelogram
-27.0516	16.6821	-10
0	0	-15
-0.794758	0.182859	0
 0 0
 0 4
 4 4
 4 0
parallelogram
-27.0516	16.6821	25
0	0	-15
-0.794758	0.182859	0
 0 0
 0 4
 4 4
 4 0
parallelogram
-27.8464	16.8649	-10
0	0	-15
-0.798287	0.104645	0
 0 0
 0 4
 4 4
 4 0
parallelogram
-27.8464	16.8649	25
0	0	-15
-0.798287	0.104645	0
 0 0
 0 4
 4 4
 4 0
parallelogram
-28.6446	16.9696	-10
0	0	-15
-0.799893	0.0261785	0
 0 0
 0 4
 4 4
 4 0
parallelogram
-28.6446	16.9696	25
0	0	-15
-0.799893	0.0261785	0
 0 0
 0 4
 4 4
 4 0
parallelogram
-29.4445	16.9957	-10
0	0	-15
-0.799572	-0.0523508	0
 0 0
 0 4
 4 4
 4 0
parallelogram
-29.4445	16.9957	25
0	0	-15
-0.799572	-0.0523508	0
 0 0
 0 4
 4 4
 4 0
parallelogram
-30.2441	16.9434	-10
0	0	-15
-0.797324	-0.130754	0
 0 0
 0 4
 4 4
 4 0
parallelogram
-30.2441	16.9434	25
0	0	-15
-0.797324	-0.130754	0
 0 0
 0 4
 4 4
 4 0
parallelogram
-31.0414	16.8126	-10
0	0	-15
-0.793156	-0.208842	0
 0 0
 0 4
 4 4
 4 0
parallelogram
-31.0414	16.8126	25
0	0	-15
-0.793156	-0.208842	0
 0 0
 0 4
 4 4
 4 0
parallelogram
-31.8346	16.6038	-10
0	0	-15
-0.787077	-0.286427	0
 0 0
 0 4
 4 4
 4 0
parallelogram
-31.8346	16.6038	25
0	0	-15
-0.787077	-0.286427	0
 0 0
 0 4
 4 4
 4 0
parallelogram
-32.6217	16.3174	-10
0	0	-15
-0.779102	-0.363322	0
 0 0
 0 4
 4 4
 4 0
parallelogram
-32.6217	16.3174	25
0	0	-15
-0.779102	-0.363322	0
 0 0
 0 4
 4 4
 4 0
parallelogram
-33.4008	15.954	-10
0	0	-15
-0.769249	-0.439342	0
 0 0
 0 4
 4 4
 4 0
parallelogram
-33.4008	15.954	25
0	0	-15
-0.769249	-0.439342	0
 0 0
 0 4
 4 4
 4 0
parallelogram
-34.17	15.5147	-10
0	0	-15
-0.757544	-0.514303	0
 0 0
 0 4
 4 4
 4 0
parallelogram
-34.17	15.5147	25
0	0	-15
-0.757544	-0.514303	0
 0 0
 0 4
 4 4
 4 0
parallelogram
-34.9276	15.0004	-10
0	0	-15
-0.744014	-0.588026	0
 0 0
 0 4
 4 4
 4 0
parallelogram
-34.9276	15.0004	25
0	0	-15
-0.744014	-0.588026	0
 0 0
 0 4
 4 4
 4 0
parallelogram
-35.6716	14.4124	-10
0	0	-15
-0.728691	-0.660331	0
 0 0
 0 4
 4 4
 4 0
parallelogram
-35.6716	14.4124	25
0	0	-15
-0.728691	-0.660331	0
 0 0
 0 4
 4 4
 4 0
parallelogram
-36.4003	13.752	-10
0	0	-15
-0.711613	-0.731046	0
 0 0
 0 4
 4 4
 4 0
parallelogram
-36.4003	13.752	25
0	0	-15
-0.711613	-0.731046	0
 0 0
 0 4
 4 4
 4 0
parallelogram
-37.1119	13.021	-10
0	0	-15
-0.69282	-0.8	0
 0 0
 0 4
 4 4
 4 0
parallelogram
-37.1119	13.021	25
0	0	-15
-0.69282	-0.8	0
 0 0
 0 4
 4 4
 4 0
parallelogram
-37.8047	12.221	-10
0	0	-15
-0.672359	-0.867027	0
 0 0
 0 4
 4 4
 4 0
parallelogram
-37.8047	12.221	25
0	0	-15
-0.672359	-0.867027	0
 0 0
 0 4
 4 4
 4 0
parallelogram
-38.4771	11.354	-10
0	0	-15
-0.650277	-0.931965	0
 0 0
 0 4
 4 4
 4 0
parallelogram
-38.4771	11.354	25
0	0	-15
-0.650277	-0.931965	0
 0 0
 0 4
 4 4
 4 0
parallelogram
-39.1273	10.422	-10
0	0	-15
-0.626629	-0.994657	0
 0 0
 0 4
 4 4
 4 0
parallelogram
-39.1273	10.422	25
0	0	-15
-0.626629	-0.994657	0
 0 0
 0 4
 4 4
 4 0
parallelogram
-39.754	9.42734	-10
0	0	-15
-0.601472	-1.05495	0
 0 0
 0 4
 4 4
 4 0
parallelogram
-39.754	9.42734	25
0	0	-15
-0.601472	-1.05495	0
 0 0
 0 4
 4 4
 4 0
parallelogram
-40.3554	8.37239	-10
0	0	-15
-0.574865	-1.11271	0
 0 0
 0 4
 4 4
 4 0
parallelogram
-40.3554	8.37239	25
0	0	-15
-0.574865	-1.11271	0
 0 0
 0 4
 4 4
 4 0
parallelogram
-40.9303	7.25968	-10
0	0	-15
-0.546874	-1.16778	0
 0 0
 0 4
 4 4
 4 0
parallelogram
-40.9303	7.25968	25
0	0	-15
-0.546874	-1.16778	0
 0 0
 0 4
 4 4
 4 0
parallelogram
-41.4772	6.0919	-10
0	0	-15
-0.517565	-1.22004	0
 0 0
 0 4
 4 4
 4 0
parallelogram
-41.4772	6.0919	25
0	0	-15
-0.517565	-1.22004	0
 0 0
 0 4
 4 4
 4 0
parallelogram
-41.9947	4.87185	-10
0	0	-15
-0.487009	-1.26937	0
 0 0
 0 4
 4 4
 4 0
parallelogram
-41.9947	4.87185	25
0	0	-15
-0.487009	-1.26937	0
 0 0
 0 4
 4 4
 4 0
parallelogram
-42.4817	3.60249	-10
0	0	-15
-0.45528	-1.31563	0
 0 0
 0 4
 4 4
 4 0
parallelogram
-42.4817	3.60249	25
0	0	-15
-0.45528	-1.31563	0
 0 0
 0 4
 4 4
 4 0
parallelogram
-42.937	2.28686	-10
0	0	-15
-0.422454	-1.35872	0
 0 0
 0 4
 4 4
 4 0
parallelogram
-42.937	2.28686	25
0	0	-15
-0.422454	-1.35872	0
 0 0
 0 4
 4 4
 4 0
parallelogram
-43.3595	0.928136	-10
0	0	-15
-10	0	0
 0 0
 0 4
 4 4
 4 0
parallelogram
-43.3595	0.928136	25
0	0	-15
-10	0	0
 0 0
 0 4
 4 4
 4 0
parallelogram
-53.3595	0.928136	10
53.3595	0	0
0	0	-20
 0 0
 0 4
 4 4
 4 0
parallelogram
-53.3595	0.928136	25
0	0	-50
-10	0	0
 0 0
 0 4
 4 4
 4 0
||

SPAWNPOINTS
-16 50   0
-26 50   0
-36 50   0
-46 50   0
||

POWERUPS
missile
57	3.231258	0
bigball
-30   19.5   17.5
fastball
-30   19.5  -17.5
||
